{
 "cells": [
  {
   "cell_type": "code",
   "execution_count": 4,
   "id": "8c08797b",
   "metadata": {},
   "outputs": [],
   "source": [
    "import geopandas as gpd\n",
    "import matplotlib.pyplot as plt\n",
    "from shapely.geometry import Point, Polygon\n",
    "import contextily as ctx\n",
    "import pandas as pd\n",
    "import numpy as np\n",
    "import seaborn as sns\n",
    "from math import sqrt\n",
    "from sklearn.metrics import mean_squared_error, r2_score\n",
    "from sklearn.model_selection import train_test_split, KFold, cross_val_predict, cross_val_score \n",
    "from imblearn.over_sampling import SMOTE\n",
    "from xgboost import XGBRegressor\n",
    "from pyproj import Transformer\n",
    "from haversine import haversine\n",
    "from gurobipy import Model, GRB, quicksum, max_, min_, abs_\n",
    "from scipy.spatial.distance import cdist\n",
    "import os\n",
    "os.makedirs('Figures',exist_ok = True)\n",
    "pd.options.mode.chained_assignment = None \n",
    "pd.set_option('display.max_rows', None)\n",
    "\n",
    "df_EV = pd.read_excel(\"../AustinAreabyCity/filtered_file_EV charger station.xlsx\")\n",
    "df_grocery = pd.read_excel(\"../AustinAreabyCity/filtered_file_Grocery store.xlsx\")\n",
    "df_school = pd.read_excel(\"../AustinAreabyCity/filtered_file_school.xlsx\")\n",
    "df_mall = pd.read_excel(\"../AustinAreabyCity/filtered_file_shopping mall.xlsx\")\n",
    "df_cafe = pd.read_excel(\"../AustinAreabyCity/filtered_file_cafe.xlsx\")\n",
    "df_gas = pd.read_excel(\"../AustinAreabyCity/filtered_file_gas station.xlsx\")\n",
    "df_theater = pd.read_excel(\"../AustinAreabyCity/filtered_file_theater.xlsx\")\n",
    "df_intersection = pd.read_csv(\"../Transportation network/Austin_transport_intersections.csv\",usecols=['lon','lat','street_count']).rename(columns={'lon':'Longitude','lat':'Latitude'})[['Latitude','Longitude','street_count']]\n",
    "df_traffic = pd.read_csv(\"../Traffic/TxDOT AADT Annuals.csv\", usecols=['y','x','AADT_2022']).rename(columns={'AADT_2022':'TrafficCount','y':'Latitude','x':'Longitude'})[['Latitude','Longitude','TrafficCount']]\n",
    "df_intersection = pd.read_csv(\"../Transportation network/Austin_transport_intersections.csv\",usecols=['lon','lat','street_count'])\n",
    "df_intersection.columns = ['Longitude','Latitude','street_count']\n",
    "df_intersection = df_intersection[['Latitude','Longitude','street_count']]\n",
    "\n",
    "\n",
    "\n",
    "# for paper information only,get the total number of raw POIs (with and without hourly data)\n",
    "df_EV = pd.read_csv(\"../AustinAreabyCity/rawfile/filtered_file_EV charger station.csv\")\n",
    "df_grocery = pd.read_csv(\"../AustinAreabyCity/rawfile/filtered_file_Grocery store.csv\")\n",
    "df_school = pd.read_csv(\"../AustinAreabyCity/rawfile/filtered_file_school.csv\")\n",
    "df_mall = pd.read_csv(\"../AustinAreabyCity/rawfile/filtered_file_shopping mall.csv\")\n",
    "df_cafe = pd.read_csv(\"../AustinAreabyCity/rawfile/filtered_file_cafe.csv\")\n",
    "df_gas = pd.read_csv(\"../AustinAreabyCity/rawfile/filtered_file_gas station.csv\")\n",
    "df_theater = pd.read_csv(\"../AustinAreabyCity/rawfile/filtered_file_theater.csv\")\n",
    "df_intersection = pd.read_csv(\"../Transportation network/Austin_transport_intersections.csv\",usecols=['lon','lat','street_count']).rename(columns={'lon':'Longitude','lat':'Latitude'})[['Latitude','Longitude','street_count']]\n",
    "df_traffic = pd.read_csv(\"../Traffic/TxDOT AADT Annuals.csv\", usecols=['y','x','AADT_2022']).rename(columns={'AADT_2022':'TrafficCount','y':'Latitude','x':'Longitude'})[['Latitude','Longitude','TrafficCount']]\n",
    "df_intersection = pd.read_csv(\"../Transportation network/Austin_transport_intersections.csv\",usecols=['lon','lat','street_count'])\n",
    "df_intersection.columns = ['Longitude','Latitude','street_count']\n",
    "df_intersection = df_intersection[['Latitude','Longitude','street_count']]\n",
    "\n"
   ]
  },
  {
   "cell_type": "code",
   "execution_count": 5,
   "id": "6c433979-97df-43bd-9cb6-05072883d40f",
   "metadata": {},
   "outputs": [],
   "source": [
    "min_long_1 = -98.18209496908116\n",
    "max_long_1 = -97.37545599658112\n",
    "min_lat_1 =30.0254665608216\n",
    "max_lat_1 =30.637603376614\n",
    "\n",
    "lat_lower_bound = min_lat_1 \n",
    "lat_upper_bound = max_lat_1 \n",
    "long_lower_bound = min_long_1 \n",
    "long_upper_bound = max_long_1 \n",
    "\n",
    "def filter_df(df, lat_lower, lat_upper, long_lower, long_upper):\n",
    "    # Filter the DataFrame rows based on latitude and longitude bounds\n",
    "    filtered_df = df[\n",
    "        (df['Latitude'] >= lat_lower) & (df['Latitude'] <= lat_upper) &\n",
    "        (df['Longitude'] >= long_lower) & (df['Longitude'] <= long_upper)\n",
    "    ]\n",
    "    \n",
    "    # Return the filtered DataFrame\n",
    "    return filtered_df.reset_index(drop = True)\n",
    "\n",
    "df_EV = filter_df(df_EV, min_lat_1, max_lat_1, min_long_1, max_long_1)\n",
    "df_traffic = filter_df(df_traffic, min_lat_1, max_lat_1, min_long_1, max_long_1)"
   ]
  },
  {
   "cell_type": "code",
   "execution_count": 6,
   "id": "7b062785-2da9-4878-84d6-2b4a6a0539ef",
   "metadata": {},
   "outputs": [],
   "source": [
    "points_set_1 = list(zip(df_EV['Latitude'], df_EV['Longitude']))   \n",
    "points_set_2 = list(zip(df_grocery['Latitude'], df_grocery['Longitude'])) \n",
    "points_set_3 = list(zip(df_school['Latitude'], df_school['Longitude']))\n",
    "points_set_4 = list(zip(df_mall['Latitude'], df_mall['Longitude']))    \n",
    "points_set_5 = list(zip(df_cafe['Latitude'], df_cafe['Longitude']))\n",
    "points_set_6 = list(zip(df_gas['Latitude'], df_gas['Longitude']))   \n",
    "points_set_7 = list(zip(df_theater['Latitude'], df_theater['Longitude']))    \n",
    "points_set_8 = list(zip(df_intersection['Latitude'],df_intersection['Longitude']))\n",
    "points_set_9 = list(zip(df_traffic['Latitude'],df_traffic['Longitude']))\n",
    "\n",
    "def filter_points(points, lat_lower, lat_upper, long_lower, long_upper):\n",
    "    return [(lat, lon) for lat, lon in points if lat_lower <= lat <= lat_upper and long_lower <= lon <= long_upper]\n",
    "\n",
    "# filtered_points_set_1 = filter_points(points_set_1, lat_lower_bound, lat_upper_bound, long_lower_bound, long_upper_bound)\n",
    "filtered_points_set_2 = filter_points(points_set_2, lat_lower_bound, lat_upper_bound, long_lower_bound, long_upper_bound)\n",
    "filtered_points_set_3 = filter_points(points_set_3, lat_lower_bound, lat_upper_bound, long_lower_bound, long_upper_bound)\n",
    "filtered_points_set_4 = filter_points(points_set_4, lat_lower_bound, lat_upper_bound, long_lower_bound, long_upper_bound)\n",
    "filtered_points_set_5 = filter_points(points_set_5, lat_lower_bound, lat_upper_bound, long_lower_bound, long_upper_bound)\n",
    "filtered_points_set_6 = filter_points(points_set_6, lat_lower_bound, lat_upper_bound, long_lower_bound, long_upper_bound)\n",
    "filtered_points_set_7 = filter_points(points_set_7, lat_lower_bound, lat_upper_bound, long_lower_bound, long_upper_bound)\n",
    "filtered_points_set_8 = filter_points(points_set_8, lat_lower_bound, lat_upper_bound, long_lower_bound, long_upper_bound)\n",
    "filtered_points_set_9 = filter_points(points_set_9, lat_lower_bound, lat_upper_bound, long_lower_bound, long_upper_bound)\n",
    "\n",
    "# Create a GeoDataFrame for both sets of points in WGS84 (lat/lon)\n",
    "gdf_set_1 = gpd.GeoDataFrame(geometry=[Point(lon, lat) for lat, lon in points_set_1], crs=\"EPSG:4326\")\n",
    "# gdf_set_1_radius = df_EV['Mean Coverage (miles)']\n",
    "gdf_set_2 = gpd.GeoDataFrame(geometry=[Point(lon, lat) for lat, lon in filtered_points_set_2], crs=\"EPSG:4326\")\n",
    "gdf_set_3 = gpd.GeoDataFrame(geometry=[Point(lon, lat) for lat, lon in filtered_points_set_3], crs=\"EPSG:4326\")\n",
    "gdf_set_4 = gpd.GeoDataFrame(geometry=[Point(lon, lat) for lat, lon in filtered_points_set_4], crs=\"EPSG:4326\")\n",
    "gdf_set_5 = gpd.GeoDataFrame(geometry=[Point(lon, lat) for lat, lon in filtered_points_set_5], crs=\"EPSG:4326\")\n",
    "gdf_set_6 = gpd.GeoDataFrame(geometry=[Point(lon, lat) for lat, lon in filtered_points_set_6], crs=\"EPSG:4326\")\n",
    "gdf_set_7 = gpd.GeoDataFrame(geometry=[Point(lon, lat) for lat, lon in filtered_points_set_7], crs=\"EPSG:4326\")\n",
    "gdf_set_8 = gpd.GeoDataFrame(geometry=[Point(lon, lat) for lat, lon in filtered_points_set_8], crs=\"EPSG:4326\")\n",
    "gdf_set_9 = gpd.GeoDataFrame(geometry=[Point(lon, lat) for lat, lon in filtered_points_set_9], crs=\"EPSG:4326\")\n",
    "# Reproject the GeoDataFrames to Web Mercator (EPSG:3857)\n",
    "gdf_set_1 = gdf_set_1.to_crs(epsg=3857)\n",
    "# gdf_set_1['geometry'] = gdf_set_1.geometry.buffer(1600*gdf_set_1_radius)\n",
    "gdf_set_2 = gdf_set_2.to_crs(epsg=3857)\n",
    "gdf_set_3 = gdf_set_3.to_crs(epsg=3857)\n",
    "gdf_set_4 = gdf_set_4.to_crs(epsg=3857)\n",
    "gdf_set_5 = gdf_set_5.to_crs(epsg=3857)\n",
    "gdf_set_6 = gdf_set_6.to_crs(epsg=3857)\n",
    "gdf_set_7 = gdf_set_7.to_crs(epsg=3857)\n",
    "gdf_set_8 = gdf_set_8.to_crs(epsg=3857)\n",
    "gdf_set_9 = gdf_set_9.to_crs(epsg=3857)\n",
    "\n",
    "# df_EV_filtered = df_EV[['Latitude', 'Longitude', 'Charger Number', 'Max Power (kW)', 'Max Capacity (kWh)']]\n",
    "df_EV_filtered = df_EV[['Latitude', 'Longitude', 'ChargerNumber']].assign( #assign adds new columns to dataframe\n",
    "                        Longitude_EPSG3857 = gdf_set_1.geometry.x,\n",
    "                        Latitude_EPSG3857 = gdf_set_1.geometry.y).dropna()\n",
    "df_traffic = df_traffic.assign(\n",
    "            Longitude_EPSG3857 = gdf_set_1.geometry.x,\n",
    "            Latitude_EPSG3857 = gdf_set_1.geometry.y).dropna()"
   ]
  },
  {
   "cell_type": "code",
   "execution_count": 7,
   "id": "12812c98-28ce-4e68-af35-1ad58959590e",
   "metadata": {},
   "outputs": [
    {
     "data": {
      "text/plain": [
       "Index(['Latitude', 'Longitude', 'TrafficCount', 'Longitude_EPSG3857',\n",
       "       'Latitude_EPSG3857'],\n",
       "      dtype='object')"
      ]
     },
     "execution_count": 7,
     "metadata": {},
     "output_type": "execute_result"
    }
   ],
   "source": [
    "df_traffic.columns"
   ]
  },
  {
   "cell_type": "code",
   "execution_count": 8,
   "id": "311568cb",
   "metadata": {},
   "outputs": [],
   "source": [
    "# Approximate lat/lon extent for DFW (latitude and longitude)\n",
    "north, south, east, west = lat_upper_bound, lat_lower_bound, long_upper_bound, long_lower_bound\n",
    "# Convert these lat/lon values to EPSG:3857 (meters) using GeoPandas\n",
    "# Create a GeoDataFrame with the bounding box corners\n",
    "df_extent = gpd.GeoDataFrame(geometry=[Point(west, south), Point(east, north)], crs=\"EPSG:4326\")\n",
    "# Reproject to Web Mercator (EPSG:3857)\n",
    "df_extent = df_extent.to_crs(epsg = 3857)\n",
    "\n",
    "# Get the bounds in meters for the DFW area\n",
    "minx, miny = df_extent.total_bounds[0], df_extent.total_bounds[1]\n",
    "maxx, maxy = df_extent.total_bounds[2], df_extent.total_bounds[3]\n",
    "\n",
    "# Function to generate grid cells, and give name of grid_cells_ID\n",
    "def create_grid(minx, miny, maxx, maxy, grid_size):\n",
    "    x_vals = np.arange(minx, maxx, grid_size)\n",
    "    y_vals = np.arange(miny, maxy, grid_size)\n",
    "\n",
    "    grid_cells = [Polygon([(x, y), (x + grid_size, y), (x + grid_size, y + grid_size), (x, y + grid_size)]) for x in x_vals for y in y_vals]\n",
    "    return grid_cells, x_vals, y_vals\n",
    "\n",
    "def calculate_distance_and_radius(x_min, x_max, y_min, y_max, point):\n",
    "    # center of the grid cell\n",
    "    center_x = (x_min + x_max) / 2\n",
    "    center_y = (y_min + y_max) / 2\n",
    "    # Calculate the radius as the width of the grid cell\n",
    "    radius = x_max - x_min\n",
    "    # Calculate the Euclidean distance from the point to the center of the circle\n",
    "    distance = sqrt((point.x - center_x) ** 2 + (point.y - center_y) ** 2)\n",
    "    return distance, radius\n",
    "\n",
    "def Plot_Map(gdf_grid,gdf_set_1,gdf_set_2,gdf_set_3,gdf_set_4,gdf_set_5,gdf_set_6,gdf_set_7,gdf_set_8,gdf_set_9,minx,maxx,miny,maxy):\n",
    "    # Create a plot\n",
    "    fig, ax = plt.subplots(figsize=(12, 12))\n",
    "    # Plot the grid\n",
    "    gdf_grid.boundary.plot(ax=ax, color=\"gray\", linewidth=1.5, alpha=0.8)\n",
    "\n",
    "    # Plot both sets of points in the new coordinate system (meters)\n",
    "\n",
    "    # gdf_set_1.plot(ax=ax, color = 'blue', label='EV Charger', marker='o', markersize=30)\n",
    "    # # gdf_set_1.plot(ax=ax, edgecolor='blue', facecolor='none', marker='o', markersize=30, alpha=0.72)\n",
    "    # gdf_set_2.plot(ax=ax, color='red', label='Grocery', marker='x', markersize=36)\n",
    "    # gdf_set_3.plot(ax=ax, color='orange', label='School', marker='^', markersize=45) ############\n",
    "    # gdf_set_4.plot(ax=ax, color='cyan', label='Mall', marker='+', markersize=72)\n",
    "    # gdf_set_5.plot(ax=ax, color='yellow', label='Cafe', marker='v', markersize=45)\n",
    "    # gdf_set_6.plot(ax=ax, color='magenta', facecolor='none', label='Gas station', marker='s', markersize=45)\n",
    "    # gdf_set_7.plot(ax=ax, color='green', label='Theater',  marker='*', markersize=90)\n",
    "    # gdf_set_8.plot(ax=ax, color='grey', facecolor='none', label='Road Intersection', marker='o', alpha=0.3, markersize=5)\n",
    "    # gdf_set_9.plot(ax=ax, color='purple', label='Traffic Counts',  marker='d', alpha=0.5, markersize=25)\n",
    "    gdf_set_1.plot(ax=ax, color = 'blue', label='EV Charger', marker='o', markersize=30)\n",
    "    # gdf_set_1.plot(ax=ax, edgecolor='blue', facecolor='none', marker='o', markersize=30, alpha=0.72)\n",
    "    gdf_set_2.plot(ax=ax, color='red', label='Retail', marker='x', markersize=36)\n",
    "    gdf_set_3.plot(ax=ax, color='orange', label='Education', marker='^', markersize=45) ############\n",
    "    gdf_set_4.plot(ax=ax, color='cyan', label='Mall', marker='+', markersize=72)\n",
    "    gdf_set_5.plot(ax=ax, color='yellow', label='Restaurant', marker='v', markersize=45)\n",
    "    gdf_set_6.plot(ax=ax, color='magenta', facecolor='none', label='Service', marker='s', markersize=45)\n",
    "    gdf_set_7.plot(ax=ax, color='green', label='Entertainment',  marker='*', markersize=90)\n",
    "    gdf_set_8.plot(ax=ax, color='grey', facecolor='none', label='Road Intersection', marker='o', alpha=0.3, markersize=5)\n",
    "    gdf_set_9.plot(ax=ax, color='purple', label='Traffic',  marker='d', alpha=0.5, markersize=25)\n",
    "    # Set the bounding box for the DFW area (in meters)\n",
    "    ax.set_xlim([minx, maxx])\n",
    "    ax.set_ylim([miny, maxy])\n",
    "    # Add a basemap (tile) to give the background using OpenStreetMap (EPSG:3857)\n",
    "    ctx.add_basemap(ax, crs=gdf_set_1.crs.to_string(), source=ctx.providers.OpenStreetMap.Mapnik)\n",
    "    # ax.set_title(\"Location Points Map in Austin Area\", fontsize=18, fontweight='bold')\n",
    "    plt.xlabel(\"Longitude (meter)\",fontsize=18)\n",
    "    plt.ylabel(\"Latitude (meter)\",fontsize=18)\n",
    "    plt.xticks(fontsize=18)\n",
    "    plt.yticks(fontsize = 18)\n",
    "    plt.legend(fontsize = 18,loc='lower right')\n",
    "    # plt.savefig('Figures\\LocationPointsMap.pdf',bbox_inches='tight')\n",
    "    plt.savefig('Figures\\LocationPointsMap.png',bbox_inches='tight')\n",
    "    plt.show()\n",
    "\n",
    "\n",
    "def filter_points_grid_cell(df,x_min,x_max,y_min,y_max,column = None):\n",
    "    if column is not None:\n",
    "        return df[( df['Longitude_EPSG3857']>=x_min) & \n",
    "                    (df['Longitude_EPSG3857']<x_max) & \n",
    "                    (df['Latitude_EPSG3857']>=y_min) &\n",
    "                    (df['Latitude_EPSG3857']< y_max)][column].sum()\n",
    "    else:\n",
    "        # count = 0\n",
    "        # for _,row in df.iterrows():\n",
    "        #     point = row['geometry']\n",
    "        #     distance, radius = calculate_distance_and_radius(x_min, x_max, y_min, y_max, point) # this only considers the circle, not rectangular\n",
    "        #     if distance <= radius:\n",
    "        #         count+=1\n",
    "        # return count\n",
    "        return len(df[\n",
    "                    (df.geometry.x>=x_min) & \n",
    "                    (df.geometry.x<x_max)  & \n",
    "                    (df.geometry.y>=y_min) &\n",
    "                    (df.geometry.y< y_max)])\n",
    "\n"
   ]
  },
  {
   "cell_type": "code",
   "execution_count": 40,
   "id": "a5709e9d-47fe-4e95-94c6-f732aabbb7aa",
   "metadata": {},
   "outputs": [],
   "source": [
    "columns_all = ['EV', 'Grocery', 'School', 'Mall', 'Cafe', 'Gas', 'Theater', 'TrafficCount','Intersection']\n",
    "columns_poi = ['Grocery', 'School', 'Mall', 'Cafe', 'Gas', 'Theater','TrafficCount','Intersection']\n",
    "df_origin = pd.DataFrame(columns=columns_all)\n",
    "\n",
    "data_to_save = {\n",
    "    \"correlation_matrices\":{},\n",
    "    \"y_xgb_final_pred\":{}\n",
    "}\n",
    "# Generate a grid\n",
    "# grid_sizes=np.arange(500,20000,500)\n",
    "grid_sizes=  np.arange(500,15600,100) #[6300]#np.arange(500,15600,100)\n",
    "\n",
    "for g in grid_sizes:\n",
    "    grid_size = g  # 400 meters ##################################################################\n",
    "    # def data_prepare(grid_size):\n",
    "    grid_cells, x_vals, y_vals = create_grid(minx, miny, maxx, maxy, grid_size)\n",
    "    gdf_grid = gpd.GeoDataFrame(geometry=grid_cells, crs=\"EPSG:3857\")\n",
    "    # gdf_grid = gpd.GeoDataFrame(geometry=grid_cells, crs=\"EPSG:4326\")\n",
    "    # Plot_Map(gdf_grid,gdf_set_1,gdf_set_2,gdf_set_3,gdf_set_4,gdf_set_5,gdf_set_6,gdf_set_7,gdf_set_8,gdf_set_9,minx,maxx,miny,maxy)\n",
    "    results=[]\n",
    "    for polygon in grid_cells:\n",
    "        x_min, y_min, x_max, y_max = polygon.bounds\n",
    "        ev_number = filter_points_grid_cell(df_EV_filtered, x_min,x_max,y_min,y_max,column='ChargerNumber')\n",
    "        grocery_number = filter_points_grid_cell(gdf_set_2,x_min,x_max,y_min,y_max,column=None)\n",
    "        school_number = filter_points_grid_cell(gdf_set_3,x_min,x_max,y_min,y_max,column=None)\n",
    "        mall_number = filter_points_grid_cell(gdf_set_4,x_min,x_max,y_min,y_max,column=None)\n",
    "        cafe_number = filter_points_grid_cell(gdf_set_5,x_min,x_max,y_min,y_max,column=None)\n",
    "        gas_number = filter_points_grid_cell(gdf_set_6,x_min,x_max,y_min,y_max,column=None)\n",
    "        theater_number = filter_points_grid_cell(gdf_set_7,x_min,x_max,y_min,y_max,column=None)\n",
    "        traffic_count = filter_points_grid_cell(df_traffic, x_min,x_max,y_min,y_max,column='TrafficCount')\n",
    "        intersection_count = filter_points_grid_cell(gdf_set_8,x_min,x_max,y_min,y_max,column=None)\n",
    "        results.append({\n",
    "            'EV': ev_number,\n",
    "            'Grocery': grocery_number,\n",
    "            'School': school_number,\n",
    "            'Mall': mall_number, \n",
    "            'Cafe': cafe_number, \n",
    "            'Gas': gas_number, \n",
    "            'Theater': theater_number,\n",
    "            'TrafficCount': traffic_count,\n",
    "            'Intersection': intersection_count})\n",
    "\n",
    "    df_origin = pd.DataFrame(results)\n",
    "    \n",
    "    \n",
    "    # C1:0 EV, 0 POI (training)\n",
    "    # C2:With EV, With POI (training)\n",
    "    # C3:0 EV, with POI (prediction)\n",
    "    # C4:With EV, 0 POI (NA data, eleminate)\n",
    "    \n",
    "    #original dataframe\n",
    "    df_origin_copy = df_origin.copy()\n",
    "    \n",
    "    df_nonZero = df_origin_copy[df_origin_copy['EV'] != 0] #C2 and C4\n",
    "    df_0 = df_origin_copy[(df_origin_copy[columns_all] == 0).all(axis=1)] #C1\n",
    "    df_1 = pd.concat([df_nonZero, df_0], axis=0)\n",
    "    df_NA = df_origin_copy[(df_origin_copy['EV'] != 0) & (df_origin_copy[columns_poi] == 0).all(axis=1)] #C4\n",
    "    df_train = df_1.drop(df_NA.index) #C1 and C2\n",
    "    \n",
    "    ev_zero = df_origin_copy['EV'] == 0\n",
    "    nonzero_columns = df_origin_copy[columns_poi].any(axis=1)\n",
    "    \n",
    "    df_predict = df_origin_copy[ev_zero & nonzero_columns]\n",
    "    df_train = df_train.astype(np.float32)\n",
    "    df_predict = df_predict.astype(np.float32)\n",
    "    \n",
    "    features_predict = df_predict[columns_poi].values\n",
    "    df_train['EV_Class'] = df_train['EV'].apply(lambda x: 'Yes' if x > 0 else 'No')\n",
    "    \n",
    "    features_smote = df_train[columns_all].values\n",
    "    target_smote = df_train['EV_Class'].values\n",
    "    \n",
    "    # X_resampled_1, y_resampled_1 = SMOTE().fit_resample(features_smote, target_smote)\n",
    "    X_resampled_1, y_resampled_1 = features_smote, target_smote\n",
    "    np.random.shuffle(X_resampled_1)\n",
    "    \n",
    "    X_train_resampled = X_resampled_1[:, 1:]\n",
    "    y_train_resampled = X_resampled_1[:, 0]\n",
    "    eda_df = pd.DataFrame(X_train_resampled, columns=columns_poi)\n",
    "    eda_df['EV'] = y_train_resampled\n",
    "    # Correlation matrix\n",
    "    correlation_matrix = eda_df.corr()\n",
    "    data_to_save[\"correlation_matrices\"][grid_size] = correlation_matrix\n",
    "    X_train, X_test, y_train, y_test = train_test_split(X_train_resampled, y_train_resampled, test_size = 0.3, random_state = 0)\n",
    "    xgb = XGBRegressor(n_estimators = 500, max_depth = 8, eta = 0.01, subsample = 0.7, colsample_bytree = 0.8)\n",
    "    xgb.fit(X_train_resampled, y_train_resampled)    \n",
    "    data_to_save[\"y_xgb_final_pred\"][grid_size] = xgb.predict(features_predict)\n",
    "import pickle\n",
    "with open('correlation_matrices_V8raw_square_PredictionAccuracy.pkl', 'wb') as f:\n",
    "    pickle.dump(data_to_save, f)"
   ]
  },
  {
   "cell_type": "code",
   "execution_count": 41,
   "id": "bc5b6347",
   "metadata": {},
   "outputs": [
    {
     "data": {
      "text/plain": [
       "{'correlation_matrices': {500:                Grocery    School      Mall      Cafe       Gas   Theater  \\\n",
       "  Grocery       1.000000  0.462074  0.275252  0.473542  0.348874  0.066357   \n",
       "  School        0.462074  1.000000  0.062377  0.282455  0.399631  0.157594   \n",
       "  Mall          0.275252  0.062377  1.000000  0.276206  0.134680  0.311123   \n",
       "  Cafe          0.473542  0.282455  0.276206  1.000000  0.388565  0.284341   \n",
       "  Gas           0.348874  0.399631  0.134680  0.388565  1.000000  0.133520   \n",
       "  Theater       0.066357  0.157594  0.311123  0.284341  0.133520  1.000000   \n",
       "  TrafficCount  0.127565  0.080200  0.169103  0.251606  0.127490  0.336149   \n",
       "  Intersection  0.172933  0.140609  0.189428  0.324313  0.203677  0.272390   \n",
       "  EV            0.239290  0.100865  0.426698  0.328170  0.176315  0.335357   \n",
       "  \n",
       "                TrafficCount  Intersection        EV  \n",
       "  Grocery           0.127565      0.172933  0.239290  \n",
       "  School            0.080200      0.140609  0.100865  \n",
       "  Mall              0.169103      0.189428  0.426698  \n",
       "  Cafe              0.251606      0.324313  0.328170  \n",
       "  Gas               0.127490      0.203677  0.176315  \n",
       "  Theater           0.336149      0.272390  0.335357  \n",
       "  TrafficCount      1.000000      0.476305  0.627129  \n",
       "  Intersection      0.476305      1.000000  0.489307  \n",
       "  EV                0.627129      0.489307  1.000000  ,\n",
       "  600:                Grocery    School      Mall      Cafe       Gas   Theater  \\\n",
       "  Grocery       1.000000  0.129438  0.114290  0.318551  0.227469  0.143752   \n",
       "  School        0.129438  1.000000  0.008956  0.234698  0.251109  0.116193   \n",
       "  Mall          0.114290  0.008956  1.000000  0.306687  0.283703  0.303430   \n",
       "  Cafe          0.318551  0.234698  0.306687  1.000000  0.441626  0.408437   \n",
       "  Gas           0.227469  0.251109  0.283703  0.441626  1.000000  0.206938   \n",
       "  Theater       0.143752  0.116193  0.303430  0.408437  0.206938  1.000000   \n",
       "  TrafficCount  0.172976  0.082638  0.213886  0.264397  0.184143  0.280766   \n",
       "  Intersection  0.262543  0.123709  0.254315  0.310159  0.212977  0.307693   \n",
       "  EV            0.246787  0.056738  0.380173  0.289546  0.192867  0.293316   \n",
       "  \n",
       "                TrafficCount  Intersection        EV  \n",
       "  Grocery           0.172976      0.262543  0.246787  \n",
       "  School            0.082638      0.123709  0.056738  \n",
       "  Mall              0.213886      0.254315  0.380173  \n",
       "  Cafe              0.264397      0.310159  0.289546  \n",
       "  Gas               0.184143      0.212977  0.192867  \n",
       "  Theater           0.280766      0.307693  0.293316  \n",
       "  TrafficCount      1.000000      0.550604  0.630832  \n",
       "  Intersection      0.550604      1.000000  0.476946  \n",
       "  EV                0.630832      0.476946  1.000000  ,\n",
       "  700:                Grocery    School      Mall      Cafe       Gas   Theater  \\\n",
       "  Grocery       1.000000  0.355370  0.217270  0.490109  0.464292  0.137130   \n",
       "  School        0.355370  1.000000  0.115462  0.158102  0.332906  0.082828   \n",
       "  Mall          0.217270  0.115462  1.000000  0.377638  0.140580  0.205280   \n",
       "  Cafe          0.490109  0.158102  0.377638  1.000000  0.430201  0.419375   \n",
       "  Gas           0.464292  0.332906  0.140580  0.430201  1.000000  0.110981   \n",
       "  Theater       0.137130  0.082828  0.205280  0.419375  0.110981  1.000000   \n",
       "  TrafficCount  0.133292  0.029423  0.194969  0.264148  0.117845  0.493368   \n",
       "  Intersection  0.212682  0.129709  0.223095  0.301437  0.204250  0.268400   \n",
       "  EV            0.217055  0.033667  0.343544  0.357307  0.126158  0.446819   \n",
       "  \n",
       "                TrafficCount  Intersection        EV  \n",
       "  Grocery           0.133292      0.212682  0.217055  \n",
       "  School            0.029423      0.129709  0.033667  \n",
       "  Mall              0.194969      0.223095  0.343544  \n",
       "  Cafe              0.264148      0.301437  0.357307  \n",
       "  Gas               0.117845      0.204250  0.126158  \n",
       "  Theater           0.493368      0.268400  0.446819  \n",
       "  TrafficCount      1.000000      0.502136  0.679529  \n",
       "  Intersection      0.502136      1.000000  0.484829  \n",
       "  EV                0.679529      0.484829  1.000000  ,\n",
       "  800:                Grocery    School      Mall      Cafe       Gas   Theater  \\\n",
       "  Grocery       1.000000  0.321691  0.356182  0.463276  0.365776  0.277180   \n",
       "  School        0.321691  1.000000  0.057585  0.170849  0.193847  0.085896   \n",
       "  Mall          0.356182  0.057585  1.000000  0.550215  0.370383  0.350828   \n",
       "  Cafe          0.463276  0.170849  0.550215  1.000000  0.538404  0.522085   \n",
       "  Gas           0.365776  0.193847  0.370383  0.538404  1.000000  0.287671   \n",
       "  Theater       0.277180  0.085896  0.350828  0.522085  0.287671  1.000000   \n",
       "  TrafficCount  0.193649  0.153619  0.275558  0.326011  0.156124  0.322624   \n",
       "  Intersection  0.233853  0.134381  0.251205  0.306686  0.190794  0.306226   \n",
       "  EV            0.224819  0.083160  0.397924  0.396726  0.220969  0.388107   \n",
       "  \n",
       "                TrafficCount  Intersection        EV  \n",
       "  Grocery           0.193649      0.233853  0.224819  \n",
       "  School            0.153619      0.134381  0.083160  \n",
       "  Mall              0.275558      0.251205  0.397924  \n",
       "  Cafe              0.326011      0.306686  0.396726  \n",
       "  Gas               0.156124      0.190794  0.220969  \n",
       "  Theater           0.322624      0.306226  0.388107  \n",
       "  TrafficCount      1.000000      0.548701  0.676287  \n",
       "  Intersection      0.548701      1.000000  0.464125  \n",
       "  EV                0.676287      0.464125  1.000000  ,\n",
       "  900:                Grocery    School      Mall      Cafe       Gas   Theater  \\\n",
       "  Grocery       1.000000  0.310183  0.294300  0.570120  0.443122  0.223778   \n",
       "  School        0.310183  1.000000  0.118193  0.269851  0.149955  0.112555   \n",
       "  Mall          0.294300  0.118193  1.000000  0.473891  0.338348  0.365203   \n",
       "  Cafe          0.570120  0.269851  0.473891  1.000000  0.577813  0.483988   \n",
       "  Gas           0.443122  0.149955  0.338348  0.577813  1.000000  0.259134   \n",
       "  Theater       0.223778  0.112555  0.365203  0.483988  0.259134  1.000000   \n",
       "  TrafficCount  0.208234  0.077228  0.268742  0.343321  0.178407  0.476852   \n",
       "  Intersection  0.284168  0.157992  0.304938  0.345927  0.235031  0.341769   \n",
       "  EV            0.258326  0.105426  0.388093  0.322014  0.226942  0.496871   \n",
       "  \n",
       "                TrafficCount  Intersection        EV  \n",
       "  Grocery           0.208234      0.284168  0.258326  \n",
       "  School            0.077228      0.157992  0.105426  \n",
       "  Mall              0.268742      0.304938  0.388093  \n",
       "  Cafe              0.343321      0.345927  0.322014  \n",
       "  Gas               0.178407      0.235031  0.226942  \n",
       "  Theater           0.476852      0.341769  0.496871  \n",
       "  TrafficCount      1.000000      0.556142  0.707912  \n",
       "  Intersection      0.556142      1.000000  0.499255  \n",
       "  EV                0.707912      0.499255  1.000000  ,\n",
       "  1000:                Grocery    School      Mall      Cafe       Gas   Theater  \\\n",
       "  Grocery       1.000000  0.502465  0.313841  0.556883  0.448798  0.210956   \n",
       "  School        0.502465  1.000000  0.189260  0.357715  0.297887  0.146091   \n",
       "  Mall          0.313841  0.189260  1.000000  0.411253  0.310882  0.317996   \n",
       "  Cafe          0.556883  0.357715  0.411253  1.000000  0.557739  0.447017   \n",
       "  Gas           0.448798  0.297887  0.310882  0.557739  1.000000  0.222936   \n",
       "  Theater       0.210956  0.146091  0.317996  0.447017  0.222936  1.000000   \n",
       "  TrafficCount  0.216820  0.167636  0.243308  0.310493  0.171938  0.414163   \n",
       "  Intersection  0.320348  0.192647  0.307976  0.366313  0.269631  0.384663   \n",
       "  EV            0.287168  0.172071  0.461088  0.401781  0.234991  0.428364   \n",
       "  \n",
       "                TrafficCount  Intersection        EV  \n",
       "  Grocery           0.216820      0.320348  0.287168  \n",
       "  School            0.167636      0.192647  0.172071  \n",
       "  Mall              0.243308      0.307976  0.461088  \n",
       "  Cafe              0.310493      0.366313  0.401781  \n",
       "  Gas               0.171938      0.269631  0.234991  \n",
       "  Theater           0.414163      0.384663  0.428364  \n",
       "  TrafficCount      1.000000      0.524930  0.684838  \n",
       "  Intersection      0.524930      1.000000  0.533084  \n",
       "  EV                0.684838      0.533084  1.000000  ,\n",
       "  1100:                Grocery    School      Mall      Cafe       Gas   Theater  \\\n",
       "  Grocery       1.000000  0.419433  0.303323  0.604021  0.459447  0.211663   \n",
       "  School        0.419433  1.000000  0.173301  0.339510  0.317500  0.201528   \n",
       "  Mall          0.303323  0.173301  1.000000  0.430276  0.389894  0.279477   \n",
       "  Cafe          0.604021  0.339510  0.430276  1.000000  0.601868  0.485636   \n",
       "  Gas           0.459447  0.317500  0.389894  0.601868  1.000000  0.360190   \n",
       "  Theater       0.211663  0.201528  0.279477  0.485636  0.360190  1.000000   \n",
       "  TrafficCount  0.162446  0.096102  0.215296  0.296083  0.132557  0.467642   \n",
       "  Intersection  0.318773  0.196694  0.319897  0.347183  0.245784  0.377656   \n",
       "  EV            0.232650  0.149496  0.365091  0.320515  0.176332  0.504386   \n",
       "  \n",
       "                TrafficCount  Intersection        EV  \n",
       "  Grocery           0.162446      0.318773  0.232650  \n",
       "  School            0.096102      0.196694  0.149496  \n",
       "  Mall              0.215296      0.319897  0.365091  \n",
       "  Cafe              0.296083      0.347183  0.320515  \n",
       "  Gas               0.132557      0.245784  0.176332  \n",
       "  Theater           0.467642      0.377656  0.504386  \n",
       "  TrafficCount      1.000000      0.537531  0.737217  \n",
       "  Intersection      0.537531      1.000000  0.473672  \n",
       "  EV                0.737217      0.473672  1.000000  ,\n",
       "  1200:                Grocery    School      Mall      Cafe       Gas   Theater  \\\n",
       "  Grocery       1.000000  0.205443  0.315391  0.527996  0.359274  0.275864   \n",
       "  School        0.205443  1.000000  0.075962  0.254035  0.251036  0.231890   \n",
       "  Mall          0.315391  0.075962  1.000000  0.451349  0.374452  0.357517   \n",
       "  Cafe          0.527996  0.254035  0.451349  1.000000  0.623256  0.546691   \n",
       "  Gas           0.359274  0.251036  0.374452  0.623256  1.000000  0.323446   \n",
       "  Theater       0.275864  0.231890  0.357517  0.546691  0.323446  1.000000   \n",
       "  TrafficCount  0.259964  0.119550  0.287701  0.365306  0.183674  0.465284   \n",
       "  Intersection  0.357339  0.171891  0.326348  0.378014  0.240621  0.373566   \n",
       "  EV            0.352932  0.156663  0.403987  0.393675  0.205862  0.511138   \n",
       "  \n",
       "                TrafficCount  Intersection        EV  \n",
       "  Grocery           0.259964      0.357339  0.352932  \n",
       "  School            0.119550      0.171891  0.156663  \n",
       "  Mall              0.287701      0.326348  0.403987  \n",
       "  Cafe              0.365306      0.378014  0.393675  \n",
       "  Gas               0.183674      0.240621  0.205862  \n",
       "  Theater           0.465284      0.373566  0.511138  \n",
       "  TrafficCount      1.000000      0.535276  0.725816  \n",
       "  Intersection      0.535276      1.000000  0.466217  \n",
       "  EV                0.725816      0.466217  1.000000  ,\n",
       "  1300:                Grocery    School      Mall      Cafe       Gas   Theater  \\\n",
       "  Grocery       1.000000  0.387527  0.407956  0.626346  0.554416  0.288970   \n",
       "  School        0.387527  1.000000  0.190014  0.347324  0.466698  0.235681   \n",
       "  Mall          0.407956  0.190014  1.000000  0.376576  0.359926  0.311192   \n",
       "  Cafe          0.626346  0.347324  0.376576  1.000000  0.625735  0.505161   \n",
       "  Gas           0.554416  0.466698  0.359926  0.625735  1.000000  0.295853   \n",
       "  Theater       0.288970  0.235681  0.311192  0.505161  0.295853  1.000000   \n",
       "  TrafficCount  0.232428  0.152640  0.352781  0.300316  0.202411  0.464459   \n",
       "  Intersection  0.350564  0.231515  0.336521  0.371099  0.324736  0.430599   \n",
       "  EV            0.296718  0.125922  0.510389  0.356473  0.214897  0.434948   \n",
       "  \n",
       "                TrafficCount  Intersection        EV  \n",
       "  Grocery           0.232428      0.350564  0.296718  \n",
       "  School            0.152640      0.231515  0.125922  \n",
       "  Mall              0.352781      0.336521  0.510389  \n",
       "  Cafe              0.300316      0.371099  0.356473  \n",
       "  Gas               0.202411      0.324736  0.214897  \n",
       "  Theater           0.464459      0.430599  0.434948  \n",
       "  TrafficCount      1.000000      0.552896  0.746972  \n",
       "  Intersection      0.552896      1.000000  0.465217  \n",
       "  EV                0.746972      0.465217  1.000000  ,\n",
       "  1400:                Grocery    School      Mall      Cafe       Gas   Theater  \\\n",
       "  Grocery       1.000000  0.431050  0.356414  0.635781  0.433524  0.248250   \n",
       "  School        0.431050  1.000000  0.209834  0.359569  0.361031  0.226041   \n",
       "  Mall          0.356414  0.209834  1.000000  0.461059  0.288166  0.400650   \n",
       "  Cafe          0.635781  0.359569  0.461059  1.000000  0.623760  0.476593   \n",
       "  Gas           0.433524  0.361031  0.288166  0.623760  1.000000  0.254899   \n",
       "  Theater       0.248250  0.226041  0.400650  0.476593  0.254899  1.000000   \n",
       "  TrafficCount  0.212313  0.125943  0.288221  0.281228  0.113236  0.551485   \n",
       "  Intersection  0.334844  0.194621  0.341894  0.359480  0.273012  0.397808   \n",
       "  EV            0.242453  0.137033  0.444753  0.333919  0.133278  0.636600   \n",
       "  \n",
       "                TrafficCount  Intersection        EV  \n",
       "  Grocery           0.212313      0.334844  0.242453  \n",
       "  School            0.125943      0.194621  0.137033  \n",
       "  Mall              0.288221      0.341894  0.444753  \n",
       "  Cafe              0.281228      0.359480  0.333919  \n",
       "  Gas               0.113236      0.273012  0.133278  \n",
       "  Theater           0.551485      0.397808  0.636600  \n",
       "  TrafficCount      1.000000      0.497423  0.828595  \n",
       "  Intersection      0.497423      1.000000  0.475986  \n",
       "  EV                0.828595      0.475986  1.000000  ,\n",
       "  1500:                Grocery    School      Mall      Cafe       Gas   Theater  \\\n",
       "  Grocery       1.000000  0.302568  0.358018  0.584122  0.394165  0.211245   \n",
       "  School        0.302568  1.000000  0.199342  0.378642  0.410301  0.169136   \n",
       "  Mall          0.358018  0.199342  1.000000  0.438781  0.403834  0.392885   \n",
       "  Cafe          0.584122  0.378642  0.438781  1.000000  0.596524  0.508795   \n",
       "  Gas           0.394165  0.410301  0.403834  0.596524  1.000000  0.296734   \n",
       "  Theater       0.211245  0.169136  0.392885  0.508795  0.296734  1.000000   \n",
       "  TrafficCount  0.222991  0.099574  0.322490  0.396032  0.206422  0.605508   \n",
       "  Intersection  0.297865  0.177576  0.323904  0.405819  0.288683  0.404108   \n",
       "  EV            0.259868  0.112280  0.433232  0.436364  0.212558  0.579053   \n",
       "  \n",
       "                TrafficCount  Intersection        EV  \n",
       "  Grocery           0.222991      0.297865  0.259868  \n",
       "  School            0.099574      0.177576  0.112280  \n",
       "  Mall              0.322490      0.323904  0.433232  \n",
       "  Cafe              0.396032      0.405819  0.436364  \n",
       "  Gas               0.206422      0.288683  0.212558  \n",
       "  Theater           0.605508      0.404108  0.579053  \n",
       "  TrafficCount      1.000000      0.510164  0.786759  \n",
       "  Intersection      0.510164      1.000000  0.432566  \n",
       "  EV                0.786759      0.432566  1.000000  ,\n",
